SRS = EPSG:32610
DOMAIN_TE = 710548.71038734 4117156.02368471 770548.71038734 4177156.02368471
WX_TE = 704548.71038734 4111156.02368471 776548.71038734 4183156.02368471
WX_BEGIN =  2011-01-30 00:00
WX_END = 2011-01-30 00:00
CENTER_LON = -120.28099822998047
CENTER_LAT = 37.439998626708984
